$ 1 0.000005 10.20027730826997 25 5 50 5e-11
R 96 80 624 80 0 0 40 5 0 0 0.5
g 96 608 624 608 0 0
a 352 256 464 256 8 15 -15 1000000 1.8583433693196725 1.7574999999999996 100000
a 352 368 464 368 8 15 -15 1000000 1.7574999999999996 2.338971062080655 100000
174 144 560 208 560 1 1000 0.44060000000000005 Input
174 144 112 192 128 1 1000 0.6485000000000001 Set
w 144 112 96 112 0
w 96 112 96 80 0
w 208 112 208 96 0
w 208 96 80 96 0
w 208 560 208 576 0
w 208 576 80 576 0
w 80 576 80 608 0
w 80 608 96 608 0
w 144 560 144 112 0
w 176 544 176 384 0
w 176 384 352 384 0
w 176 384 176 240 0
w 176 240 304 240 0
w 176 128 176 160 0
w 176 160 192 160 0
w 192 160 192 272 0
w 192 272 352 272 0
w 192 272 192 352 0
w 192 352 352 352 0
150 576 304 656 304 0 2 0 5
w 512 256 512 288 0
w 512 288 576 288 0
w 576 320 512 320 0
w 512 320 512 368 0
w 512 256 464 256 0
w 656 304 672 304 0
w 464 368 512 368 0
d 304 240 352 240 2 default
w 352 320 80 320 0
w 80 96 80 320 0
w 80 320 80 576 0
r 352 240 352 320 0 1000
